steps,episode,total_return,episode_len,episode_return,raw_return,best_episode
56,1,55.0,56,55.0,55.0,55.0
107,2,105.0,51,50.0,105.0,55.0
161,3,158.0,54,53.0,158.0,55.0
215,4,211.0,54,53.0,211.0,55.0
248,5,243.0,33,32.0,243.0,55.0
286,6,280.0,38,37.0,280.0,55.0
337,7,330.0,51,50.0,330.0,55.0
377,8,369.0,40,39.0,369.0,55.0
428,9,419.0,51,50.0,419.0,55.0
472,10,462.0,44,43.0,462.0,55.0
570,12,558.0,57,56.0,558.0,56.0
